     ALT          P          T          FH2O           O3           THEAT        TCOOL        PSATCO2        FCO2
7.3757E+01  1.0964E-05 2.1688E+02    3.2714E-07    1.1686E-06    1.8379E+01   -1.6602E+01    5.2517E+00    3.6000E-04
7.2588E+01  1.3170E-05 2.1143E+02    4.9638E-07    7.4038E-07    1.3205E+01   -1.3153E+01    3.6589E+00    3.6000E-04
7.1455E+01  1.5798E-05 2.0665E+02    7.1043E-07    5.9675E-07    1.0181E+01   -1.0639E+01    2.6030E+00    3.6000E-04
7.0355E+01  1.8923E-05 2.0273E+02    9.1323E-07    5.6420E-07    8.4206E+00   -8.6522E+00    1.9468E+00    3.6000E-04
6.9282E+01  2.2636E-05 1.9977E+02    1.0986E-06    5.6555E-07    7.2800E+00   -7.4327E+00    1.5501E+00    3.6000E-04
6.8231E+01  2.7040E-05 1.9774E+02    1.2644E-06    5.8803E-07    6.4737E+00   -6.5360E+00    1.3217E+00    3.6000E-04
6.7197E+01  3.2256E-05 1.9662E+02    1.4243E-06    6.3006E-07    6.0117E+00   -6.0702E+00    1.2077E+00    3.6000E-04
6.6175E+01  3.8424E-05 1.9632E+02    1.5588E-06    6.8838E-07    5.7837E+00   -5.8102E+00    1.1786E+00    3.6000E-04
6.5161E+01  4.5708E-05 1.9676E+02    1.6876E-06    7.6216E-07    5.7294E+00   -5.7331E+00    1.2211E+00    3.6000E-04
6.4152E+01  5.4297E-05 1.9786E+02    1.7998E-06    8.5106E-07    5.8154E+00   -5.7844E+00    1.3337E+00    3.6000E-04
6.3144E+01  6.4411E-05 1.9957E+02    1.8998E-06    9.5372E-07    6.0173E+00   -5.9614E+00    1.5269E+00    3.6000E-04
6.2134E+01  7.6302E-05 2.0190E+02    1.9879E-06    1.0647E-06    6.2950E+00   -6.2934E+00    1.8270E+00    3.6000E-04
6.1120E+01  9.0263E-05 2.0487E+02    2.0756E-06    1.1910E-06    6.6894E+00   -6.8719E+00    2.2844E+00    3.6000E-04
6.0098E+01  1.0663E-04 2.0848E+02    2.1573E-06    1.3356E-06    7.2098E+00   -7.4299E+00    2.9713E+00    3.6000E-04
5.9066E+01  1.2579E-04 2.1260E+02    2.2312E-06    1.4899E-06    7.8141E+00   -7.8483E+00    3.9650E+00    3.6000E-04
5.8022E+01  1.4819E-04 2.1702E+02    2.2960E-06    1.6745E-06    8.5454E+00   -8.5122E+00    5.2832E+00    3.6000E-04
5.6966E+01  1.7433E-04 2.2155E+02    2.3567E-06    1.8858E-06    9.3681E+00   -9.3294E+00    6.3960E+00    3.6000E-04
5.5898E+01  2.0480E-04 2.2602E+02    2.4149E-06    2.1386E-06    1.0288E+01   -1.0237E+01    7.6586E+00    3.6000E-04
5.4819E+01  2.4026E-04 2.3027E+02    2.4695E-06    2.4304E-06    1.1249E+01   -1.1188E+01    9.0268E+00    3.6000E-04
5.3730E+01  2.8146E-04 2.3420E+02    2.5198E-06    2.7665E-06    1.2207E+01   -1.2133E+01    1.0441E+01    3.6000E-04
5.2634E+01  3.2928E-04 2.3769E+02    2.5606E-06    3.1447E-06    1.3092E+01   -1.3007E+01    1.1833E+01    3.6000E-04
5.1533E+01  3.8468E-04 2.4070E+02    2.6020E-06    3.5643E-06    1.3845E+01   -1.3782E+01    1.3137E+01    3.6000E-04
5.0430E+01  4.4879E-04 2.4320E+02    2.6369E-06    4.0364E-06    1.4446E+01   -1.4409E+01    1.4302E+01    3.6000E-04
4.9327E+01  5.2284E-04 2.4521E+02    2.6679E-06    4.5712E-06    1.4874E+01   -1.4859E+01    1.5287E+01    3.6000E-04
4.8227E+01  6.0827E-04 2.4671E+02    2.6890E-06    5.1870E-06    1.5122E+01   -1.5082E+01    1.6057E+01    3.6000E-04
4.7131E+01  7.0668E-04 2.4771E+02    2.7000E-06    5.8926E-06    1.5148E+01   -1.5054E+01    1.6588E+01    3.6000E-04
4.6043E+01  8.1986E-04 2.4826E+02    2.7000E-06    6.6839E-06    1.4891E+01   -1.4826E+01    1.6881E+01    3.6000E-04
4.4963E+01  9.4985E-04 2.4845E+02    2.6978E-06    7.5226E-06    1.4282E+01   -1.4490E+01    1.6987E+01    3.6000E-04
4.3894E+01  1.0989E-03 2.4832E+02    2.6769E-06    8.3284E-06    1.3312E+01   -1.3360E+01    1.6915E+01    3.6000E-04
4.2837E+01  1.2696E-03 2.4780E+02    2.6524E-06    9.0252E-06    1.2073E+01   -1.1934E+01    1.6632E+01    3.6000E-04
4.1794E+01  1.4648E-03 2.4684E+02    2.6170E-06    9.5175E-06    1.0697E+01   -1.0571E+01    1.6125E+01    3.6000E-04
4.0766E+01  1.6876E-03 2.4550E+02    2.5708E-06    9.7721E-06    9.3431E+00   -9.2894E+00    1.5433E+01    3.6000E-04
3.9754E+01  1.9417E-03 2.4385E+02    2.5162E-06    9.8163E-06    8.1237E+00   -8.1326E+00    1.4617E+01    3.6000E-04
3.8760E+01  2.2308E-03 2.4202E+02    2.4573E-06    9.6976E-06    7.0773E+00   -7.1238E+00    1.3742E+01    3.6000E-04
3.7784E+01  2.5595E-03 2.4007E+02    2.3894E-06    9.4739E-06    6.2002E+00   -6.2532E+00    1.2855E+01    3.6000E-04
3.6826E+01  2.9325E-03 2.3804E+02    2.3200E-06    9.2025E-06    5.4722E+00   -5.5089E+00    1.1981E+01    3.6000E-04
3.5886E+01  3.3552E-03 2.3597E+02    2.2456E-06    8.9114E-06    4.8623E+00   -4.8721E+00    1.1131E+01    3.6000E-04
3.4965E+01  3.8335E-03 2.3384E+02    2.1727E-06    8.6106E-06    4.3426E+00   -4.3333E+00    1.0308E+01    3.6000E-04
3.4061E+01  4.3739E-03 2.3167E+02    2.1011E-06    8.3070E-06    3.8943E+00   -3.8786E+00    9.5126E+00    3.6000E-04
3.3176E+01  4.9835E-03 2.2946E+02    2.0209E-06    8.0188E-06    3.5068E+00   -3.4889E+00    8.7504E+00    3.6000E-04
3.2309E+01  5.6702E-03 2.2722E+02    1.9422E-06    7.7150E-06    3.1603E+00   -3.1486E+00    8.0273E+00    3.6000E-04
3.1460E+01  6.4426E-03 2.2498E+02    1.8662E-06    7.4034E-06    2.8487E+00   -2.8425E+00    7.3506E+00    3.6000E-04
3.0629E+01  7.3100E-03 2.2278E+02    1.7937E-06    7.0541E-06    2.5595E+00   -2.5589E+00    6.7269E+00    3.6000E-04
2.9815E+01  8.2827E-03 2.2064E+02    1.7231E-06    6.6738E-06    2.2901E+00   -2.2923E+00    6.1612E+00    3.6000E-04
2.9017E+01  9.3717E-03 2.1861E+02    1.6512E-06    6.2478E-06    2.0356E+00   -2.0423E+00    5.6566E+00    3.6000E-04
2.8236E+01  1.0589E-02 2.1671E+02    1.5865E-06    5.7957E-06    1.7982E+00   -1.8331E+00    5.2149E+00    3.6000E-04
2.7471E+01  1.1948E-02 2.1498E+02    1.5185E-06    5.3172E-06    1.5781E+00   -1.6063E+00    4.6615E+00    3.6000E-04
2.6720E+01  1.3463E-02 2.1341E+02    1.4589E-06    4.8271E-06    1.3788E+00   -1.4013E+00    4.1911E+00    3.6000E-04
2.5984E+01  1.5149E-02 2.1199E+02    1.3930E-06    4.3447E-06    1.2037E+00   -1.2188E+00    3.8030E+00    3.6000E-04
2.5261E+01  1.7022E-02 2.1071E+02    1.3331E-06    3.8850E-06    1.0542E+00   -1.0612E+00    3.4797E+00    3.6000E-04
2.4550E+01  1.9100E-02 2.0955E+02    1.2766E-06    3.4524E-06    9.2890E-01   -9.2864E-01    3.2064E+00    3.6000E-04
2.3853E+01  2.1402E-02 2.0848E+02    1.2213E-06    3.0589E-06    8.2583E-01   -8.1899E-01    2.9708E+00    3.6000E-04
2.3167E+01  2.3948E-02 2.0747E+02    1.1667E-06    2.6953E-06    7.3961E-01   -7.2966E-01    2.7640E+00    3.6000E-04
2.2493E+01  2.6760E-02 2.0652E+02    1.1132E-06    2.3673E-06    6.6699E-01   -6.5644E-01    2.5796E+00    3.6000E-04
2.1831E+01  2.9860E-02 2.0561E+02    1.0607E-06    2.0737E-06    6.0443E-01   -5.9524E-01    2.4137E+00    3.6000E-04
2.1180E+01  3.3273E-02 2.0475E+02    1.0182E-06    1.8055E-06    5.4858E-01   -5.4421E-01    2.2640E+00    3.6000E-04
2.0540E+01  3.7025E-02 2.0392E+02    9.6757E-07    1.5689E-06    4.9871E-01   -4.9798E-01    2.1294E+00    3.6000E-04
1.9911E+01  4.1143E-02 2.0315E+02    9.2218E-07    1.3610E-06    4.5359E-01   -4.5560E-01    2.0092E+00    3.6000E-04
1.9293E+01  4.5655E-02 2.0243E+02    8.7911E-07    1.1658E-06    4.1049E-01   -4.1665E-01    1.9027E+00    3.6000E-04
1.8685E+01  5.0592E-02 2.0177E+02    8.3937E-07    9.8732E-07    3.6964E-01   -3.7884E-01    1.8091E+00    3.6000E-04
1.8088E+01  5.5984E-02 2.0116E+02    8.0216E-07    8.3321E-07    3.3192E-01   -3.3934E-01    1.7272E+00    3.6000E-04
1.7500E+01  6.1865E-02 2.0061E+02    7.6890E-07    6.9491E-07    2.9628E-01   -2.9963E-01    1.6554E+00    3.6000E-04
1.6923E+01  6.8269E-02 2.0011E+02    7.3863E-07    5.7293E-07    2.6292E-01   -2.6119E-01    1.5917E+00    3.6000E-04
1.6355E+01  7.5231E-02 1.9964E+02    7.1190E-07    4.6594E-07    2.3193E-01   -2.2657E-01    1.5349E+00    3.6000E-04
1.5796E+01  8.2788E-02 1.9921E+02    6.8931E-07    3.7319E-07    2.0389E-01   -1.9857E-01    1.4838E+00    3.6000E-04
1.5247E+01  9.0978E-02 1.9881E+02    6.7082E-07    2.9585E-07    1.7947E-01   -1.7847E-01    1.4383E+00    3.6000E-04
1.4707E+01  9.9839E-02 1.9845E+02    6.5515E-07    2.3277E-07    1.5886E-01   -1.6607E-01    1.3982E+00    3.6000E-04
1.4176E+01  1.0941E-01 1.9813E+02    6.4288E-07    1.8229E-07    1.4045E-01   -1.3414E-01    1.3632E+00    3.6000E-04
1.3654E+01  1.1973E-01 1.9785E+02    6.3299E-07    1.4066E-07    1.2577E-01   -1.2716E-01    1.3332E+00    3.6000E-04
1.3141E+01  1.3085E-01 1.9762E+02    6.2563E-07    1.0941E-07    1.1470E-01   -1.2160E-01    1.3083E+00    3.6000E-04
1.2636E+01  1.4279E-01 1.9743E+02    6.2089E-07    8.9263E-08    1.0692E-01   -1.1463E-01    1.2891E+00    3.6000E-04
1.2141E+01  1.5562E-01 1.9729E+02    6.1747E-07    7.5750E-08    1.0142E-01   -1.0455E-01    1.2743E+00    3.6000E-04
1.1653E+01  1.6935E-01 1.9720E+02    6.1552E-07    6.5651E-08    9.7362E-02   -9.3027E-02    1.2653E+00    3.6000E-04
1.1174E+01  1.8405E-01 1.9717E+02    6.2007E-07    5.8580E-08    9.4446E-02   -8.1487E-02    1.2628E+00    3.6000E-04
1.0702E+01  1.9974E-01 1.9720E+02    6.5658E-07    5.4533E-08    9.2682E-02   -7.0016E-02    1.2649E+00    3.6000E-04
1.0239E+01  2.1646E-01 1.9718E+02    7.3846E-07    5.2074E-08    9.1860E-02   -5.4684E-02    1.2636E+00    3.6000E-04
9.7839E+00  2.3426E-01 1.9727E+02    8.8942E-07    5.0077E-08    9.3068E-02   -6.2820E-02    1.2725E+00    3.6000E-04
9.3363E+00  2.5318E-01 1.9759E+02    2.7558E-06    4.8281E-08    1.1066E-01   -2.4913E-01    1.3058E+00    3.6000E-04
8.8959E+00  2.7324E-01 1.9800E+02    4.0000E-06    4.6595E-08    1.2076E-01   -2.5589E-01    1.3484E+00    3.6000E-04
8.4621E+00  2.9448E-01 1.9907E+02    4.0000E-06    4.4950E-08    1.1746E-01   -1.9903E-01    1.4679E+00    3.6000E-04
8.0312E+00  3.1693E-01 2.0278E+02    4.0000E-06    4.3270E-08    1.1360E-01   -2.5634E-01    1.9534E+00    3.6000E-04
7.6002E+00  3.4061E-01 2.0703E+02    4.0000E-06    4.1550E-08    1.1154E-01   -3.3664E-01    2.6760E+00    3.6000E-04
7.1688E+00  3.6556E-01 2.1128E+02    6.2850E-06    3.9831E-08    1.2732E-01   -5.8161E-01    3.6190E+00    3.6000E-04
6.7373E+00  3.9179E-01 2.1552E+02    1.1172E-05    3.8114E-08    1.5961E-01   -9.2658E-01    4.8333E+00    3.6000E-04
6.3062E+00  4.1932E-01 2.1975E+02    1.9383E-05    3.6390E-08    2.0392E-01   -1.2426E+00    5.9343E+00    3.6000E-04
5.8757E+00  4.4817E-01 2.2395E+02    3.2826E-05    3.4666E-08    2.5723E-01   -1.4882E+00    7.0528E+00    3.6000E-04
5.4464E+00  4.7832E-01 2.2811E+02    5.4270E-05    3.2947E-08    3.1611E-01   -1.6866E+00    8.3105E+00    3.6000E-04
5.0186E+00  5.0980E-01 2.3222E+02    8.7570E-05    3.1334E-08    3.7911E-01   -1.8227E+00    9.7093E+00    3.6000E-04
4.5928E+00  5.4260E-01 2.3626E+02    1.3787E-04    2.9804E-08    4.4267E-01   -1.8658E+00    1.1247E+01    3.6000E-04
4.1694E+00  5.7670E-01 2.4021E+02    2.1168E-04    2.8304E-08    4.9968E-01   -1.8703E+00    1.2917E+01    3.6000E-04
3.7490E+00  6.1209E-01 2.4404E+02    3.1682E-04    2.6884E-08    5.4734E-01   -1.8911E+00    1.4708E+01    3.6000E-04
3.3321E+00  6.4876E-01 2.4774E+02    4.6214E-04    2.5545E-08    5.8609E-01   -1.9015E+00    1.6605E+01    3.6000E-04
2.9191E+00  6.8666E-01 2.5130E+02    6.5697E-04    2.4288E-08    6.1561E-01   -1.8777E+00    1.8587E+01    3.6000E-04
2.5106E+00  7.2577E-01 2.5469E+02    9.1055E-04    2.3112E-08    6.3720E-01   -1.7973E+00    2.0634E+01    3.6000E-04
2.1072E+00  7.6604E-01 2.5791E+02    1.2314E-03    2.1984E-08    6.5405E-01   -1.6533E+00    2.2724E+01    3.6000E-04
1.7094E+00  8.0742E-01 2.6095E+02    1.6268E-03    2.0895E-08    6.6936E-01   -1.4741E+00    2.4839E+01    3.6000E-04
1.3177E+00  8.4985E-01 2.6381E+02    2.1024E-03    1.9955E-08    6.8563E-01   -1.3074E+00    2.6960E+01    3.6000E-04
9.3260E-01  8.9328E-01 2.6650E+02    2.6622E-03    1.9092E-08    7.0264E-01   -1.1962E+00    2.9073E+01    3.6000E-04
5.5448E-01  9.3761E-01 2.6903E+02    3.3083E-03    1.8382E-08    7.1941E-01   -1.2133E+00    3.1164E+01    3.6000E-04
1.8381E-01  9.8278E-01 2.7140E+02    4.0412E-03    1.7796E-08    7.4157E-01   -1.2579E+00    3.3225E+01    3.6000E-04
0.0000E+00  1.0058E+00 2.7256E+02    4.4507E-03    1.7900E-08    6.7755E+00   -3.5777E+00    3.4268E+01    3.6000E-04
