Name: Cloud
Type:  Water

Wavelength Range:  0.2-4.4 by 0.01 micron
Origin:  King 1997 - MODIS
Description:  Spherically integrated cloud albedo 

Measurement:  Model spherical 
First Column:  X
Second Column:  Y  
X Units:  Wavelength (micrometers)
Y Units:  Reflectance (percent)
First X Value:  0.2
Last X Value:  4.4 
Number of X Values: 421











0.2	0.613
0.21	0.6109993
0.22	0.6093316
0.23	0.6079763
0.24	0.6069132
0.25	0.6061218
0.26	0.6055818
0.27	0.6052727
0.28	0.6051741
0.29	0.6052658
0.3	0.6055272
0.31	0.6059381
0.32	0.6064779
0.33	0.6071264
0.34	0.6078631
0.35	0.6086677
0.36	0.6095197
0.37	0.6103988
0.38	0.6112845
0.39	0.6121566
0.4	0.6130788
0.41	0.6140736
0.42	0.614784
0.43	0.6152664
0.44	0.615577
0.45	0.6157722
0.46	0.6159084
0.47	0.616042
0.48	0.616273
0.49	0.6166111
0.5	0.61699
0.51	0.6173751
0.52	0.6177805
0.53	0.6182054
0.54	0.6186489
0.55	0.61911
0.56	0.6195978
0.57	0.6200991
0.58	0.6206105
0.59	0.6211286
0.6	0.62165
0.61	0.622158
0.62	0.622666
0.63	0.623174
0.64	0.623682
0.65	0.62419
0.66	0.624698
0.67	0.625206
0.68	0.625714
0.69	0.626222
0.7	0.62673
0.71	0.6272108
0.72	0.6276984
0.73	0.6281996
0.74	0.6287212
0.75	0.62927
0.76	0.6299341
0.77	0.6306186
0.78	0.6313102
0.79	0.6319951
0.8	0.63266
0.81	0.6331838
0.82	0.6336873
0.83	0.6341839
0.84	0.634687
0.85	0.63521
0.86	0.6362116
0.87	0.6371484
0.88	0.6379224
0.89	0.6384356
0.9	0.63859
0.91	0.6371238
0.92	0.6353937
0.93	0.6335927
0.94	0.6319138
0.95	0.63055
0.96	0.630859
0.97	0.6315777
0.98	0.6326079
0.99	0.6338514
1.	0.63521
1.01	0.6363143
1.02	0.637405
1.03	0.6384514
1.04	0.6394233
1.05	0.64029
1.06	0.6413328
1.07	0.6421316
1.08	0.642578
1.09	0.6425636
1.1	0.64198
1.11	0.6393364
1.12	0.6362524
1.13	0.6329652
1.14	0.629712
1.15	0.62673
1.16	0.6254494
1.17	0.6246161
1.18	0.6241691
1.19	0.6240474
1.2	0.62419
1.21	0.6247524
1.22	0.6254028
1.23	0.626026
1.24	0.6265068
1.25	0.62673
1.26	0.6263181
1.27	0.6254838
1.28	0.6241775
1.29	0.6223494
1.3	0.61995
1.31	0.6191238
1.32	0.6169517
1.33	0.6117618
1.34	0.6026692
1.35	0.58564
1.36	0.5622567
1.37	0.5404839
1.38	0.5174294
1.39	0.4751628
1.4	0.43041
1.41	0.3996866
1.42	0.3752918
1.43	0.3571924
1.44	0.3483686
1.45	0.34629
1.46	0.3480819
1.47	0.3567815
1.48	0.3711772
1.49	0.3912126
1.5	0.4128
1.51	0.4388636
1.52	0.458328
1.53	0.4727504
1.54	0.4856735
1.55	0.49837
1.56	0.5081894
1.57	0.5163399
1.58	0.5236056
1.59	0.5307709
1.6	0.53862
1.61	0.5439328
1.62	0.5482063
1.63	0.5515603
1.64	0.5541149
1.65	0.55599
1.66	0.5581641
1.67	0.5596838
1.68	0.5604546
1.69	0.5603815
1.7	0.55937
1.71	0.556269
1.72	0.5523041
1.73	0.5476447
1.74	0.5424602
1.75	0.53692
1.76	0.5278468
1.77	0.5214848
1.78	0.5169483
1.79	0.5133519
1.8	0.50981
1.81	0.5037644
1.82	0.4982927
1.83	0.4876046
1.84	0.475977
1.85	0.4619614
1.86	0.4075104
1.87	0.3175973
1.88	0.2554585
1.89	0.2324268
1.9	0.2163554
1.91	0.1958482
1.92	0.1722732
1.93	0.152825
1.94	0.147566
1.95	0.1517328
1.96	0.1577872
1.97	0.1704009
1.98	0.1877709
1.99	0.2029198
2.	0.2220551
2.01	0.2411156
2.02	0.2558577
2.03	0.2747783
2.04	0.2936559
2.05	0.3066047
2.06	0.3185266
2.07	0.3304938
2.08	0.3428574
2.09	0.3552967
2.1	0.3673648
2.11	0.3796683
2.12	0.3915968
2.13	0.4016455
2.14	0.4085635
2.15	0.4111
2.16	0.4140165
2.17	0.415744
2.18	0.4166493
2.19	0.4170991
2.2	0.41746
2.21	0.4172923
2.22	0.4164458
2.23	0.4148351
2.24	0.4123749
2.25	0.40898
2.26	0.4052843
2.27	0.3995384
2.28	0.3923364
2.29	0.3842723
2.3	0.37594
2.31	0.3684213
2.32	0.361155
2.33	0.3548571
2.34	0.3475269
2.35	0.3357949
2.36	0.3229265
2.37	0.3120235
2.38	0.3006013
2.39	0.2874183
2.4	0.27215
2.41	0.2612774
2.42	0.2519788
2.43	0.2423351
2.44	0.2321518
2.45	0.2214772
2.46	0.2117532
2.47	0.2029676
2.48	0.1947219
2.49	0.186791
2.5	0.17895
2.51	0.1736565
2.52	0.1694944
2.53	0.166242
2.54	0.1636778
2.55	0.16158
2.56	0.1603436
2.57	0.1587464
2.58	0.1559885
2.59	0.1512697
2.6	0.14379
2.61	0.1320439
2.62	0.1203096
2.63	0.1091181
2.64	0.09583739
2.65	0.08194
2.66	0.06968309
2.67	0.05818641
2.68	0.04689032
2.69	0.03598375
2.7	0.02644
2.71	0.01986906
2.72	0.01504364
2.73	0.01161409
2.74	0.009084713
2.75	0.007422543
2.76	0.006424132
2.77	0.00556671
2.78	0.004901439
2.79	0.004546654
2.8	0.004485153
2.81	0.004814774
2.82	0.005581321
2.83	0.006491811
2.84	0.007442963
2.85	0.008331495
2.86	0.008859952
2.87	0.008834043
2.88	0.008682735
2.89	0.008460048
2.9	0.00822
2.91	0.008245501
2.92	0.008311468
2.93	0.008407685
2.94	0.008523934
2.95	0.00865
2.96	0.00874792
2.97	0.00884216
2.98	0.00892944
2.99	0.00900648
3.	0.00907
3.01	0.00909016
3.02	0.00909688
3.03	0.00909352
3.04	0.00908344
3.05	0.00907
3.06	0.00907
3.07	0.00907
3.08	0.00907
3.09	0.00907
3.1	0.00907
3.11	0.0090428
3.12	0.0090224
3.13	0.0090156
3.14	0.0090292
3.15	0.00907
3.16	0.00918576
3.17	0.00933208
3.18	0.00950552
3.19	0.00970264
3.2	0.00992
3.21	0.01015384
3.22	0.01040112
3.23	0.01065848
3.24	0.01092256
3.25	0.01119
3.26	0.01140336
3.27	0.01162688
3.28	0.01187072
3.29	0.01214504
3.3	0.01246
3.31	0.0125816
3.32	0.0128252
3.33	0.013262
3.34	0.0139632
3.35	0.015
3.36	0.01679624
3.37	0.01898232
3.38	0.02154128
3.39	0.02445616
3.4	0.02771
3.41	0.03135368
3.42	0.03528544
3.43	0.03947136
3.44	0.04387752
3.45	0.04847
3.46	0.05311984
3.47	0.05791192
3.48	0.06283608
3.49	0.06788216
3.5	0.07304
3.51	0.07831288
3.52	0.08367384
3.53	0.08910936
3.54	0.09460592
3.55	0.10015
3.56	0.1058097
3.57	0.1114694
3.58	0.1170954
3.59	0.1226535
3.6	0.12811
3.61	0.1334034
3.62	0.1385341
3.63	0.1434751
3.64	0.1481994
3.65	0.15268
3.66	0.156755
3.67	0.1605659
3.68	0.1641193
3.69	0.1674218
3.7	0.17048
3.71	0.173476
3.72	0.1761972
3.73	0.1786064
3.74	0.1806664
3.75	0.18234
3.76	0.1832514
3.77	0.1837867
3.78	0.1839933
3.79	0.1839186
3.8	0.18361
3.81	0.183237
3.82	0.1826945
3.83	0.1819995
3.84	0.181169
3.85	0.18022
3.86	0.1792372
3.87	0.1781528
3.88	0.1769668
3.89	0.1756792
3.9	0.17429
3.91	0.1727269
3.92	0.1710802
3.93	0.1693681
3.94	0.1676087
3.95	0.16582
3.96	0.1640201
3.97	0.1622272
3.98	0.1604592
3.99	0.1587344
4.	0.1570707
4.01	0.1553493
4.02	0.1536462
4.03	0.1519693
4.04	0.150324
4.05	0.1487154
4.06	0.1471491
4.07	0.1456302
4.08	0.1441642
4.09	0.1427563
4.1	0.1414119
4.11	0.1401363
4.12	0.1389348
4.13	0.1378127
4.14	0.1367754
4.15	0.1358282
4.16	0.1349764
4.17	0.1342253
4.18	0.1335803
4.19	0.1330467
4.2	0.1326298
4.21	0.132335
4.22	0.1321675
4.23	0.1321326
4.24	0.1322358
4.25	0.1324823
4.26	0.1328775
4.27	0.1334266
4.28	0.1341351
4.29	0.1350082
4.3	0.1360512
4.31	0.1372695
4.32	0.1386684
4.33	0.1402532
4.34	0.1420293
4.35	0.1440019
4.36	0.1461764
4.37	0.1485582
4.38	0.1511525
4.39	0.1539646
4.4	0.157